257
1  0.000000000000000E+000
2  2.454369260617026E-002
3  4.908738521234052E-002
4  7.363107781851078E-002
5  9.817477042468103E-002
6  0.122718463030851     
7  0.147262155637022     
8  0.171805848243192     
9  0.196349540849362     
10  0.220893233455532     
11  0.245436926061703     
12  0.269980618667873     
13  0.294524311274043     
14  0.319068003880213     
15  0.343611696486384     
16  0.368155389092554     
17  0.392699081698724     
18  0.417242774304894     
19  0.441786466911065     
20  0.466330159517235     
21  0.490873852123405     
22  0.515417544729575     
23  0.539961237335746     
24  0.564504929941916     
25  0.589048622548086     
26  0.613592315154256     
27  0.638136007760427     
28  0.662679700366597     
29  0.687223392972767     
30  0.711767085578938     
31  0.736310778185108     
32  0.760854470791278     
33  0.785398163397448     
34  0.809941856003619     
35  0.834485548609789     
36  0.859029241215959     
37  0.883572933822129     
38  0.908116626428300     
39  0.932660319034470     
40  0.957204011640640     
41  0.981747704246810     
42   1.00629139685298     
43   1.03083508945915     
44   1.05537878206532     
45   1.07992247467149     
46   1.10446616727766     
47   1.12900985988383     
48   1.15355355249000     
49   1.17809724509617     
50   1.20264093770234     
51   1.22718463030851     
52   1.25172832291468     
53   1.27627201552085     
54   1.30081570812702     
55   1.32535940073319     
56   1.34990309333936     
57   1.37444678594553     
58   1.39899047855170     
59   1.42353417115788     
60   1.44807786376405     
61   1.47262155637022     
62   1.49716524897639     
63   1.52170894158256     
64   1.54625263418873     
65   1.57079632679490     
66   1.59534001940107     
67   1.61988371200724     
68   1.64442740461341     
69   1.66897109721958     
70   1.69351478982575     
71   1.71805848243192     
72   1.74260217503809     
73   1.76714586764426     
74   1.79168956025043     
75   1.81623325285660     
76   1.84077694546277     
77   1.86532063806894     
78   1.88986433067511     
79   1.91440802328128     
80   1.93895171588745     
81   1.96349540849362     
82   1.98803910109979     
83   2.01258279370596     
84   2.03712648631213     
85   2.06167017891830     
86   2.08621387152447     
87   2.11075756413064     
88   2.13530125673681     
89   2.15984494934298     
90   2.18438864194915     
91   2.20893233455532     
92   2.23347602716149     
93   2.25801971976766     
94   2.28256341237383     
95   2.30710710498000     
96   2.33165079758617     
97   2.35619449019234     
98   2.38073818279852     
99   2.40528187540469     
100   2.42982556801086     
101   2.45436926061703     
102   2.47891295322320     
103   2.50345664582937     
104   2.52800033843554     
105   2.55254403104171     
106   2.57708772364788     
107   2.60163141625405     
108   2.62617510886022     
109   2.65071880146639     
110   2.67526249407256     
111   2.69980618667873     
112   2.72434987928490     
113   2.74889357189107     
114   2.77343726449724     
115   2.79798095710341     
116   2.82252464970958     
117   2.84706834231575     
118   2.87161203492192     
119   2.89615572752809     
120   2.92069942013426     
121   2.94524311274043     
122   2.96978680534660     
123   2.99433049795277     
124   3.01887419055894     
125   3.04341788316511     
126   3.06796157577128     
127   3.09250526837745     
128   3.11704896098362     
129   3.14159265358979     
130   3.16613634619596     
131   3.19068003880213     
132   3.21522373140830     
133   3.23976742401447     
134   3.26431111662064     
135   3.28885480922681     
136   3.31339850183298     
137   3.33794219443916     
138   3.36248588704533     
139   3.38702957965150     
140   3.41157327225767     
141   3.43611696486384     
142   3.46066065747001     
143   3.48520435007618     
144   3.50974804268235     
145   3.53429173528852     
146   3.55883542789469     
147   3.58337912050086     
148   3.60792281310703     
149   3.63246650571320     
150   3.65701019831937     
151   3.68155389092554     
152   3.70609758353171     
153   3.73064127613788     
154   3.75518496874405     
155   3.77972866135022     
156   3.80427235395639     
157   3.82881604656256     
158   3.85335973916873     
159   3.87790343177490     
160   3.90244712438107     
161   3.92699081698724     
162   3.95153450959341     
163   3.97607820219958     
164   4.00062189480575     
165   4.02516558741192     
166   4.04970928001809     
167   4.07425297262426     
168   4.09879666523043     
169   4.12334035783660     
170   4.14788405044277     
171   4.17242774304894     
172   4.19697143565511     
173   4.22151512826128     
174   4.24605882086745     
175   4.27060251347362     
176   4.29514620607979     
177   4.31968989868597     
178   4.34423359129214     
179   4.36877728389831     
180   4.39332097650448     
181   4.41786466911065     
182   4.44240836171682     
183   4.46695205432299     
184   4.49149574692916     
185   4.51603943953533     
186   4.54058313214150     
187   4.56512682474767     
188   4.58967051735384     
189   4.61421420996001     
190   4.63875790256618     
191   4.66330159517235     
192   4.68784528777852     
193   4.71238898038469     
194   4.73693267299086     
195   4.76147636559703     
196   4.78602005820320     
197   4.81056375080937     
198   4.83510744341554     
199   4.85965113602171     
200   4.88419482862788     
201   4.90873852123405     
202   4.93328221384022     
203   4.95782590644639     
204   4.98236959905256     
205   5.00691329165873     
206   5.03145698426490     
207   5.05600067687107     
208   5.08054436947724     
209   5.10508806208341     
210   5.12963175468958     
211   5.15417544729575     
212   5.17871913990192     
213   5.20326283250809     
214   5.22780652511427     
215   5.25235021772044     
216   5.27689391032661     
217   5.30143760293278     
218   5.32598129553895     
219   5.35052498814512     
220   5.37506868075129     
221   5.39961237335746     
222   5.42415606596363     
223   5.44869975856980     
224   5.47324345117597     
225   5.49778714378214     
226   5.52233083638831     
227   5.54687452899448     
228   5.57141822160065     
229   5.59596191420682     
230   5.62050560681299     
231   5.64504929941916     
232   5.66959299202533     
233   5.69413668463150     
234   5.71868037723767     
235   5.74322406984384     
236   5.76776776245001     
237   5.79231145505618     
238   5.81685514766235     
239   5.84139884026852     
240   5.86594253287469     
241   5.89048622548086     
242   5.91502991808703     
243   5.93957361069320     
244   5.96411730329937     
245   5.98866099590554     
246   6.01320468851171     
247   6.03774838111788     
248   6.06229207372405     
249   6.08683576633022     
250   6.11137945893639     
251   6.13592315154256     
252   6.16046684414874     
253   6.18501053675491     
254   6.20955422936108     
255   6.23409792196725     
256   6.25864161457342     
257   6.28318530717959     
